1076__1__0___0 0.9995869 147 920 193 919 192 872 146 874
1076__1__0___0 0.99953485 112 181 160 180 158 132 111 134
1076__1__0___0 0.99842924 73 224 121 223 120 174 72 176
1076__1__0___0 0.99723345 20 539 70 537 68 487 18 489
1076__1__0___0 0.99545103 151 133 197 131 195 84 149 86
1076__1__0___0 0.9936778 250 717 298 716 297 667 249 668
1116__1__0___0 0.37199342 565 748 656 738 646 647 556 657
1033__1__0___0 0.9982003 333 68 379 67 378 20 332 21
1033__1__0___0 0.9921937 219 355 265 354 264 308 218 309
1033__1__0___0 0.97446465 -5 138 43 136 41 87 -7 90
1113__1__0___0 0.99879634 74 666 119 664 117 619 72 620
1113__1__0___0 0.998784 41 702 84 700 82 655 39 658
1113__1__0___0 0.9984687 106 628 153 627 152 580 105 581
1113__1__0___0 0.9983974 8 741 53 738 50 693 5 695
1113__1__0___0 0.9982856 73 825 120 823 118 776 72 777
1120__1__0___0 0.9997613 359 189 404 186 402 140 356 143
1133__1__0___0 0.9991732 666 284 706 281 703 241 663 243
1133__1__0___0 0.888897 963 254 1014 253 1013 203 962 203
1125__1__0___0 0.9987452 465 70 510 68 508 23 463 25
1131__1__0___0 0.99943024 130 338 177 336 175 288 128 290
1131__1__0___0 0.9991653 447 412 492 409 489 364 445 367
1131__1__0___0 0.9986286 437 100 481 98 479 54 436 55
1131__1__0___0 0.99762756 362 274 410 273 408 226 361 227
1131__1__0___0 0.99635965 262 215 308 213 306 167 260 169
1131__1__0___0 0.9950852 481 68 530 67 529 18 480 20
1176__1__0___0 0.99971133 266 689 335 684 330 615 261 621
1176__1__0___0 0.99968064 849 836 914 831 910 767 845 771
1176__1__0___0 0.99962103 570 448 633 446 631 384 568 387
1223__1__0___3072 0.9994554 736 390 862 385 857 262 730 268
1223__1__0___3072 0.9992913 820 500 951 496 948 368 817 372
1223__1__0___3072 0.97283137 494 47 562 43 558 -23 490 -18
1223__1__0___2048 0.9998056 137 803 278 799 273 662 133 666
1223__1__0___2048 0.5605501 504 1039 573 1037 571 969 502 972
1223__1__0___2560 0.9998241 495 553 570 549 566 475 491 479
1223__1__0___2560 0.9997478 137 291 278 287 273 150 133 155
1223__1__0___2560 0.9992981 736 902 862 897 857 775 730 780
1223__1__0___2560 0.9981567 814 1013 955 1007 949 877 808 883
1223__1__1024___3072 0.99994755 408 482 486 477 481 399 403 405
1223__1__1024___512 0.99942315 734 630 804 626 800 556 729 560
1223__1__1536___512 0.99944085 222 630 292 626 288 556 217 560
1223__1__2048___2560 0.9998975 540 600 610 595 606 525 535 530
1223__1__2048___3072 0.99980587 540 89 610 84 606 14 535 19
1223__1__1024___1024 0.99938977 734 118 805 114 800 44 729 48
1223__1__2048___3584 0.99963534 713 942 833 938 829 821 709 825
1223__1__2560___2560 0.999858 28 600 99 596 94 526 23 530
1223__1__2048___3976 0.9997781 716 548 836 542 830 427 710 433
1223__1__1024___2560 0.9999217 408 994 486 989 481 911 403 916
1223__1__1536___1024 0.9993656 222 118 293 114 288 44 217 48
1223__1__2560___3072 0.9997987 29 88 99 84 94 14 24 19
1223__1__2560___3976 0.99978644 204 548 324 542 318 427 198 433
1223__1__2560___3584 0.9996443 201 942 321 938 317 821 197 825
1223__1__3584___2560 0.98921496 859 1041 941 1037 938 956 855 960
1223__1__3584___3072 0.99990356 856 558 959 552 954 450 850 456
1223__1__3584___3072 0.9998679 710 630 840 625 835 498 704 504
1223__1__3584___3584 0.99976176 709 120 842 115 837 -13 705 -8
1223__1__3584___3584 0.8467367 872 52 952 48 948 -30 869 -27
1223__1__3976___2560 0.99315464 470 1040 550 1036 546 956 465 961
1223__1__3976___3584 0.9997975 321 120 450 113 443 -12 314 -5
1223__1__3976___3584 0.82139677 475 53 560 52 559 -31 475 -30
1223__1__512___3072 0.999905 921 483 997 477 992 400 915 406
1223__1__512___3072 0.999295 224 390 350 385 345 263 218 268
1223__1__512___3072 0.9991242 308 500 439 497 436 368 305 372
1223__1__512___3072 0.5008019 -17 47 54 44 51 -26 -20 -24
1223__1__512___2560 0.9999093 920 994 998 989 993 912 915 917
1223__1__512___2560 0.9994425 224 902 350 897 345 774 218 780
1223__1__512___2560 0.99814224 309 1014 440 1010 436 883 305 886
1223__1__512___2560 0.99801946 -11 553 62 548 57 473 -17 478
1223__1__3976___3072 0.9998828 462 557 569 554 567 449 459 452
1223__1__3976___3072 0.9998412 317 630 448 627 445 499 313 502
1238__1__0___0 0.88311464 955 534 980 532 979 507 953 509
1253__1__0___0 0.99958354 559 723 594 721 592 685 556 687
1253__1__0___0 0.99953115 584 540 627 537 624 494 581 497
1253__1__0___0 0.999514 478 660 518 658 516 617 476 618
1253__1__0___0 0.99941826 958 914 993 912 991 876 955 879
1253__1__0___0 0.99935514 408 809 447 808 446 768 407 769
1253__1__0___0 0.99808717 804 432 855 431 854 380 803 382
1253__1__0___0 0.7560543 623 574 649 572 648 546 621 547
1253__1__0___0 0.40201896 699 450 721 447 718 425 696 428
1264__1__0___0 0.9987178 694 147 744 146 742 97 693 98
1257__1__0___0 0.99919325 96 973 136 971 134 931 94 932
1257__1__0___0 0.9986285 205 837 251 836 250 790 204 791
1257__1__0___0 0.9983469 471 344 518 342 516 295 469 297
1257__1__0___0 0.996687 535 389 581 387 578 341 533 343
1293__1__0___0 0.99946886 31 222 77 220 74 174 29 176
1293__1__0___0 0.99911195 411 447 457 445 455 399 409 400
1293__1__0___0 0.99875736 103 153 151 151 149 102 101 104
1293__1__0___0 0.9746585 208 34 254 32 253 -13 206 -12
1296__1__0___0 0.9999385 824 452 895 446 889 375 818 381
1296__1__0___0 0.9998185 562 825 635 822 631 749 558 753
1296__1__0___0 0.9996395 742 112 814 106 808 36 736 41
1296__1__0___0 0.9996099 131 405 201 401 197 332 127 336
1296__1__0___0 0.9994808 210 374 277 370 273 303 206 307
1296__1__0___0 0.9993787 386 666 457 663 454 593 383 596
1296__1__0___0 0.99929297 299 694 370 690 365 620 295 625
1296__1__0___0 0.99858177 649 134 722 132 720 60 647 62
1296__1__0___0 0.99726295 154 757 218 752 213 689 149 693
1296__1__0___0 0.9967091 175 107 241 103 238 38 171 41
1296__1__0___0 0.99516714 913 818 1020 816 1017 710 910 713
1296__1__0___0 0.9829791 617 979 722 964 708 862 602 877
1296__1__0___0 0.8958677 891 47 955 44 953 -18 889 -16
1310__1__0___0 0.999316 319 733 365 730 363 683 316 685
1310__1__0___0 0.9985732 295 663 345 661 344 611 294 612
1310__1__0___0 0.9973206 217 945 266 944 264 894 216 896
1310__1__0___0 0.99716467 7 720 54 718 53 670 5 672
1310__1__0___0 0.9971072 372 558 417 557 415 511 370 512
1310__1__0___0 0.995764 272 914 321 912 320 864 271 865
1310__1__0___0 0.9920328 317 873 364 871 362 824 315 826
1329__1__0___0 0.9988072 198 756 239 755 237 713 196 715
1329__1__0___0 0.9981006 78 188 115 186 113 149 76 151
1339__1__0___0 0.9997117 475 532 521 531 521 484 474 485
1339__1__0___0 0.99902356 232 705 277 703 275 657 230 659
1339__1__0___0 0.99897826 328 644 373 642 371 597 326 599
1339__1__0___0 0.99830174 556 479 599 477 597 434 554 436
1339__1__0___0 0.99761367 357 741 401 740 400 695 355 696
1339__1__0___0 0.9961028 146 761 189 759 188 715 144 717
1339__1__0___0 0.9915051 26 726 73 725 71 678 25 679
1362__1__0___0 0.99933136 11 49 50 47 47 8 8 10
1362__1__0___0 0.99869305 50 81 90 79 88 39 48 41
1362__1__0___0 0.86379707 903 781 978 777 974 701 899 705
1356__1__0___0 0.999757 370 866 434 863 431 800 367 803
1356__1__0___0 0.99950635 211 979 329 973 323 860 205 866
1356__1__0___0 0.98641425 317 692 351 690 349 656 315 658
1356__1__0___0 0.9755263 371 674 409 672 407 634 369 636
1356__1__0___0 0.93661857 271 705 304 704 303 671 270 673
1356__1__0___0 0.9307744 553 760 587 760 587 727 553 727
1400__1__0___0 0.9998093 314 503 361 501 360 454 313 455
1400__1__0___0 0.9997085 375 468 420 466 418 420 373 422
1400__1__0___0 0.9996165 144 622 191 621 190 574 143 575
1400__1__0___0 0.99960726 198 578 242 576 240 532 197 534
1400__1__0___0 0.9995679 676 257 720 255 718 210 674 212
1400__1__0___0 0.99948883 865 134 910 133 908 87 863 89
1400__1__0___0 0.9994856 17 442 60 440 58 397 15 399
1400__1__0___0 0.99941087 773 195 818 194 817 148 771 150
1400__1__0___0 0.9994092 99 383 148 382 147 333 98 334
1400__1__0___0 0.9993318 589 306 635 304 633 258 587 260
1400__1__0___0 0.9990447 148 356 195 355 194 308 146 309
1400__1__0___0 0.9990268 287 268 335 266 333 219 286 220
1400__1__0___0 0.9970003 239 291 288 290 287 241 238 243
1400__1__0___0 0.9892319 176 298 227 297 226 247 175 248
1373__1__0___0 0.9991308 285 123 336 121 334 70 283 72
1373__1__0___0 0.9977617 200 253 240 252 239 212 199 213
1373__1__0___0 0.31681812 -7 394 32 390 28 350 -11 354
1366__1__0___0 0.9994535 297 90 346 89 345 39 296 40
1366__1__0___0 0.9993119 347 59 399 57 396 6 344 8
1425__1__0___0 0.99845564 589 540 634 539 633 494 588 495
1425__1__0___0 0.99822015 900 192 945 190 943 145 899 147
1455__1__0___0 0.999876 905 731 949 729 948 684 903 686
1455__1__0___0 0.999006 952 755 989 753 987 716 950 718
1455__1__0___0 0.9986297 809 987 856 986 855 938 807 939
1484__1__0___0 0.9995167 89 635 133 633 131 589 87 591
148__1__0___0 0.9995529 101 236 145 235 144 190 100 191
148__1__0___0 0.99933076 152 202 196 200 194 156 150 158
148__1__0___0 0.9989654 13 292 57 291 55 246 12 247
148__1__0___0 0.99765897 221 143 264 142 262 98 219 99
148__1__0___0 0.99627775 553 59 601 58 600 9 552 10
148__1__0___0 0.99516135 150 323 198 322 196 274 148 275
1514__1__0___0 0.9975337 478 849 526 847 524 800 477 801
1514__1__0___0 0.99644035 409 932 453 930 451 886 407 887
1514__1__0___0 0.93213093 605 1006 653 1004 651 956 603 958
1524__1__0___0 0.998934 414 857 463 855 461 805 412 807
1524__1__0___0 0.9970155 188 930 237 928 235 879 186 881
1495__1__0___0 0.9998418 78 76 150 72 146 1 74 5
1528__1__0___0 0.9997023 578 609 628 608 626 558 577 559
1528__1__0___0 0.9995592 759 1013 835 1007 829 931 753 937
1528__1__0___0 0.99946123 488 766 536 764 534 716 486 718
1528__1__0___0 0.99662125 685 809 734 807 732 758 683 760
1556__1__0___0 0.9996319 240 496 286 495 284 449 238 450
1556__1__0___0 0.99902797 517 296 563 294 561 248 515 250
1556__1__0___0 0.99803096 153 550 198 548 195 503 151 505
157__1__0___0 0.999474 770 573 815 571 814 525 769 527
157__1__0___0 0.9994155 513 565 560 563 558 515 511 517
157__1__0___0 0.9988918 286 754 331 752 329 707 284 709
157__1__0___0 0.9977107 470 610 516 608 514 561 468 563
157__1__0___0 0.99747145 436 649 479 647 478 603 434 605
157__1__0___0 0.99497116 79 987 115 985 113 949 77 951
157__1__0___0 0.9940671 583 482 631 481 629 432 581 434
1566__1__0___0 0.99996245 198 725 276 719 270 640 192 646
1566__1__0___0 0.9998567 449 320 494 318 492 273 447 275
1566__1__0___0 0.9993618 906 412 954 411 953 364 905 365
1566__1__0___0 0.99925274 390 357 435 355 433 309 388 312
1566__1__0___0 0.9991128 122 780 170 779 169 731 121 732
1690__1__0___0 0.9993082 9 187 56 186 55 138 8 140
1707__1__0___0 0.9991543 106 186 153 185 152 138 105 139
1707__1__0___0 0.9984182 74 223 118 221 116 177 72 179
1707__1__0___0 0.9982723 73 382 120 381 118 333 72 335
1707__1__0___0 0.99729353 8 300 54 298 52 252 6 253
1707__1__0___0 0.9972433 41 260 85 258 83 214 39 216
1592__1__0___0 0.9991738 566 572 617 571 615 520 564 521
1592__1__0___0 0.99902093 0 856 43 853 41 809 -2 811
183__1__0___0 0.999752 598 594 670 588 664 518 593 523
183__1__0___0 0.9996536 49 836 114 831 110 767 45 771
183__1__0___0 0.9982514 334 748 403 744 399 676 330 680
272__1__0___0 0.9983614 413 57 463 55 461 5 412 7
272__1__0___0 0.9970591 188 130 237 128 235 79 186 81
324__1__0___0 0.9999583 646 627 721 620 715 545 639 552
324__1__0___0 0.9996588 491 491 536 490 534 444 489 445
324__1__0___0 0.99961936 756 542 799 540 797 497 754 499
324__1__0___0 0.9994804 796 515 844 513 842 465 794 467
324__1__0___0 0.9272031 710 408 735 407 734 382 708 383
306__1__0___0 0.9981706 334 688 382 686 380 638 332 640
378__1__0___0 0.998874 703 688 752 686 750 637 702 639
378__1__0___0 0.30983797 101 191 132 190 131 160 100 161
32__1__0___0 0.9997527 158 915 194 912 191 876 155 879
32__1__0___0 0.9980767 5 432 56 431 54 380 3 382
333__1__0___0 0.9999522 378 580 451 575 445 503 373 508
333__1__0___0 0.99991167 318 795 394 790 390 714 314 719
333__1__0___0 0.99976474 652 430 781 426 776 299 647 304
333__1__0___0 0.99829906 83 713 147 710 144 646 79 649
432__1__0___0 0.9988697 789 400 838 398 836 350 787 352
467__1__0___0 0.9996878 617 956 665 955 663 907 616 908
467__1__0___0 0.9996792 375 917 422 915 420 867 373 869
467__1__0___0 0.9994824 627 503 675 502 673 454 625 455
467__1__0___0 0.99857855 451 871 505 869 503 816 449 818
467__1__0___0 0.99787724 426 449 476 448 475 397 425 399
467__1__0___0 0.9972059 118 333 168 332 166 281 116 283
472__1__0___0 0.99989665 429 889 503 885 498 811 425 815
472__1__0___0 0.9996363 599 727 641 725 640 683 597 684
472__1__0___0 0.9995534 704 605 747 603 745 559 702 562
472__1__0___0 0.99406165 813 347 845 345 843 313 811 316
472__1__0___0 0.99280643 742 501 778 499 776 463 740 465
472__1__0___0 0.9791629 53 969 86 967 84 934 51 936
478__1__0___0 0.99842525 45 79 94 77 92 28 43 30
478__1__0___0 0.3806411 545 89 577 88 576 57 545 58
482__1__0___0 0.9988738 672 342 726 340 724 286 669 289
497__1__0___0 0.9995383 17 457 89 454 85 382 13 386
497__1__0___0 0.9995283 89 845 157 840 152 773 84 778
497__1__0___0 0.9994223 117 411 183 409 181 344 115 346
497__1__0___0 0.9938393 196 809 268 806 264 736 193 739
497__1__0___0 0.9894571 381 1002 443 998 439 936 377 940
49__1__1024___0 0.99997854 461 297 538 292 533 215 457 219
49__1__1024___0 0.9997793 589 755 636 753 634 706 586 708
49__1__1024___1536 0.9999782 885 394 960 387 954 312 879 319
49__1__1024___1536 0.99964595 807 145 850 143 847 100 805 103
49__1__1024___1024 0.99998736 752 508 828 503 824 426 747 431
49__1__1024___1024 0.99998474 704 303 781 300 778 222 700 226
49__1__1024___1024 0.99997807 885 906 960 899 954 824 879 831
49__1__1024___1024 0.9996263 807 657 850 655 847 612 805 615
49__1__1536___0 0.9997824 77 755 124 753 122 706 75 708
49__1__1536___0 0.39226717 -8 275 35 269 29 225 -14 231
49__1__1536___1024 0.9999876 240 508 316 503 312 426 235 431
49__1__1536___1024 0.9999814 192 303 269 300 266 222 188 226
49__1__1536___1024 0.9999784 373 906 448 899 442 824 367 831
49__1__1536___1024 0.9996587 295 657 338 655 335 612 293 615
49__1__1024___512 0.9999869 751 1020 828 1015 824 938 747 942
49__1__1024___512 0.9999814 704 815 781 812 778 734 700 738
49__1__1024___512 0.9997551 589 243 636 241 634 194 587 196
49__1__1536___1536 0.9999776 373 394 448 387 442 312 367 319
49__1__1536___1536 0.9996252 295 145 338 143 335 100 293 103
49__1__1536___512 0.999987 239 1020 316 1015 312 938 235 942
49__1__1536___512 0.99998474 192 815 269 812 266 734 188 738
49__1__1536___512 0.99977785 77 243 124 241 122 194 75 196
49__1__1976___0 0.9997563 880 187 929 186 927 138 879 139
522__1__0___0 0.9997621 686 887 756 882 752 813 682 817
522__1__0___0 0.9997559 783 842 854 838 849 767 778 772
537__1__0___0 0.9988238 573 661 609 660 608 624 572 626
537__1__0___0 0.9984994 284 658 331 657 330 609 283 610
537__1__0___0 0.9963212 253 746 298 745 297 699 251 700
537__1__0___0 0.99542433 528 358 567 357 566 317 526 319
537__1__0___0 0.6170466 -5 840 38 834 32 789 -12 795
4__1__0___0 0.9994598 930 337 977 336 975 288 928 290
4__1__0___0 0.99906653 239 503 290 502 288 451 238 453
515__1__0___0 0.99971825 737 872 783 870 781 824 735 826
515__1__0___0 0.99886656 564 984 608 983 607 938 562 939
515__1__0___0 0.9932272 784 838 831 837 830 790 783 791
49__1__512___0 0.9990012 966 293 1039 291 1037 219 963 221
579__1__0___0 0.99937195 168 114 215 112 214 64 166 66
552__1__0___0 0.43750134 565 458 656 448 646 357 555 367
5__1__0___0 0.9955515 963 434 1011 433 1010 386 962 387
61__1__0___0 0.9990332 759 536 800 534 798 494 758 495
664__1__0___0 0.9992679 775 175 820 172 818 126 773 129
664__1__0___0 0.99885464 300 128 336 126 333 90 297 92
664__1__0___1536 0.99987125 792 152 836 149 833 106 790 108
664__1__0___1024 0.9998722 792 664 836 661 833 618 790 620
664__1__0___1024 0.99966705 695 266 740 263 738 218 692 220
664__1__0___512 0.9996805 695 778 740 775 738 730 692 732
664__1__1024___1536 0.99119264 560 33 609 32 609 -15 560 -15
664__1__1024___1536 0.9900919 669 832 697 831 696 803 667 804
664__1__1024___1976 0.99318624 669 392 697 391 696 362 667 364
664__1__1024___1024 0.99982446 560 543 609 541 608 491 559 493
664__1__1536___1024 0.9998134 48 543 97 541 96 491 47 493
664__1__1536___1536 0.9907478 48 33 97 32 97 -15 48 -15
664__1__1536___1536 0.9895363 157 832 185 831 184 803 155 804
664__1__1536___1976 0.99256426 157 392 185 391 184 362 155 364
664__1__512___0 0.99928576 263 175 308 172 306 126 261 129
664__1__512___1024 0.9998741 280 664 324 661 321 618 278 620
664__1__512___1024 0.9996805 183 266 228 263 226 218 180 220
664__1__512___1536 0.99987173 280 152 324 149 321 106 278 108
664__1__512___512 0.99966407 183 778 228 775 226 730 180 732
674__1__0___0 0.99861455 577 879 626 877 625 828 576 830
716__1__0___0 0.99976355 437 245 481 244 479 199 435 201
716__1__0___0 0.9997278 465 693 510 691 508 645 463 647
716__1__0___0 0.999724 403 188 452 187 451 138 402 140
716__1__0___0 0.9995358 900 338 948 337 946 289 898 290
716__1__0___0 0.99857306 431 131 480 129 479 80 429 82
716__1__0___0 0.9967505 946 162 994 161 992 113 945 114
716__1__0___0 0.97812986 891 622 941 615 934 565 884 572
771__1__0___0 0.9980888 184 60 228 58 226 13 182 15
771__1__0___0 0.9647709 381 137 428 130 421 83 374 90
784__1__0___0 0.99966717 241 81 287 79 284 34 239 36
784__1__0___0 0.99805224 24 324 63 323 62 283 22 284
784__1__0___0 0.9943482 273 131 313 128 311 87 270 89
784__1__0___0 0.87409604 206 32 249 32 249 -11 206 -11
789__1__0___1976 0.9750577 608 996 653 994 651 949 606 951
789__1__1536___1024 0.99884343 949 957 982 955 980 922 947 924
789__1__1024___1536 0.9999653 812 783 889 779 885 704 808 708
789__1__1024___1536 0.9993186 868 956 914 955 913 909 867 910
789__1__1536___1536 0.9999651 300 783 377 779 373 704 296 708
789__1__1536___1536 0.99963903 667 698 712 697 711 651 665 652
789__1__1536___1536 0.99932265 796 582 837 580 835 538 794 540
789__1__1536___1536 0.9993118 356 956 402 955 401 909 355 910
789__1__1536___1536 0.9989219 949 445 982 443 980 410 947 412
789__1__1536___1536 0.99876046 668 974 715 973 714 927 667 928
789__1__1024___1976 0.99995685 813 344 888 339 883 263 808 268
789__1__1024___1976 0.99970007 705 654 748 652 746 608 703 610
789__1__1024___1976 0.9995523 651 699 694 697 693 653 649 654
789__1__1024___1976 0.9989065 868 516 914 515 913 469 867 470
789__1__1536___1976 0.9999484 301 344 376 339 371 263 296 268
789__1__1536___1976 0.9997042 193 654 236 652 234 608 191 610
789__1__1536___1976 0.99966633 797 141 837 139 835 99 795 101
789__1__1536___1976 0.9995703 139 699 183 697 181 653 137 654
789__1__1536___1976 0.9989911 667 258 711 256 709 211 665 213
789__1__1536___1976 0.9989507 669 535 715 534 715 487 668 488
789__1__1536___1976 0.9989287 356 516 402 515 401 469 355 470
789__1__1536___1976 0.99877864 550 619 597 618 595 570 548 572
789__1__1976___1976 0.9995503 357 142 397 140 395 100 355 102
789__1__1976___1976 0.9995091 226 258 271 256 269 211 224 212
789__1__1976___1976 0.99840975 110 619 158 617 156 569 108 571
789__1__1976___1976 0.99753004 229 534 275 534 274 487 229 488
789__1__1976___1976 0.99565035 680 190 723 190 723 147 680 147
789__1__1976___1024 0.9997631 764 753 807 751 805 708 762 710
789__1__1976___1024 0.9985973 510 956 543 954 540 922 508 924
789__1__1976___1024 0.99775165 988 565 1021 565 1020 532 987 533
789__1__1976___1024 0.9948002 864 666 894 664 892 635 862 636
789__1__512___1976 0.97842914 96 996 141 994 139 949 94 951
789__1__1976___1536 0.99976915 764 241 807 239 805 196 762 198
789__1__1976___1536 0.99966025 226 698 272 697 270 651 225 652
789__1__1976___1536 0.9993199 356 583 397 581 395 539 354 541
789__1__1976___1536 0.998966 228 975 275 974 274 928 227 929
789__1__1976___1536 0.998697 510 444 543 442 540 410 508 412
789__1__1976___1536 0.9967355 988 53 1021 53 1020 21 988 21
789__1__1976___1536 0.99644524 681 629 723 629 722 587 681 588
789__1__1976___1536 0.9948242 864 154 894 152 892 123 862 124
7__1__0___0 0.99671185 921 950 953 948 951 917 920 919
7__1__0___1024 0.99921656 165 567 199 565 196 531 162 533
7__1__0___1024 0.9952128 241 494 276 493 275 457 240 459
7__1__0___1024 0.9941677 39 667 70 666 68 635 38 636
7__1__0___1024 0.9674213 803 23 833 22 832 -7 802 -6
7__1__1024___0 0.99968135 453 734 497 732 496 688 452 689
7__1__1024___0 0.9783518 247 903 273 902 271 876 246 878
7__1__1024___0 0.9556549 745 570 771 569 770 543 744 544
7__1__1024___0 0.9036893 553 645 582 644 581 615 552 616
7__1__1024___0 0.89745384 595 609 622 607 621 580 594 581
7__1__1024___0 0.8909288 744 529 769 526 766 501 741 504
7__1__1024___0 0.869518 707 515 732 513 731 488 705 489
7__1__1024___0 0.86341417 634 574 661 573 660 546 633 547
7__1__1024___0 0.8005445 676 543 702 539 699 514 673 517
7__1__1024___0 0.78432274 650 652 672 649 669 626 647 629
7__1__1024___0 0.7830051 617 678 639 675 636 653 614 656
7__1__1024___0 0.77728426 713 597 738 594 735 569 710 572
7__1__1024___0 0.7324563 681 627 704 624 700 601 677 604
7__1__1024___0 0.41544694 679 582 702 579 699 557 677 559
7__1__1024___0 0.4043928 573 661 600 661 600 633 573 634
7__1__0___1536 0.9986206 165 55 198 53 196 19 162 22
7__1__0___1536 0.9943427 39 155 70 154 68 123 38 124
7__1__1536___0 0.9561756 233 570 259 569 258 543 232 544
7__1__1536___0 0.91049975 83 609 110 607 109 580 82 581
7__1__1536___0 0.90573865 41 645 70 644 69 615 40 616
7__1__1536___0 0.902706 195 515 220 513 219 488 193 489
7__1__1536___0 0.88466215 232 529 257 526 254 501 229 504
7__1__1536___0 0.880906 122 574 149 573 148 546 121 547
7__1__1536___0 0.7852473 164 543 190 539 187 514 161 517
7__1__1536___0 0.783448 137 652 160 649 157 626 135 629
7__1__1536___0 0.7809428 201 597 226 594 223 569 198 572
7__1__1536___0 0.77195644 105 678 127 675 124 653 102 655
7__1__1536___0 0.71567243 168 627 192 624 188 600 165 604
7__1__1536___0 0.45158097 61 661 88 660 88 633 61 634
7__1__1536___0 0.40789506 167 582 190 579 187 557 165 559
7__1__1536___512 0.9269621 233 58 260 57 259 31 232 32
7__1__1536___512 0.89466363 41 133 70 132 69 103 40 104
7__1__1536___512 0.89449954 83 97 110 95 109 68 82 69
7__1__1536___512 0.81101924 122 62 149 61 148 34 121 36
7__1__1536___512 0.7841576 138 140 160 137 157 114 135 117
7__1__1536___512 0.78238636 105 166 127 163 124 141 102 144
7__1__1536___512 0.7743105 201 85 226 82 223 57 198 60
7__1__1536___512 0.75109035 165 31 191 28 187 2 162 6
7__1__1536___512 0.7325906 169 115 192 112 188 88 165 92
7__1__1536___512 0.41105178 61 149 88 149 88 121 61 122
7__1__1536___512 0.41096863 198 44 222 42 219 18 195 21
7__1__1536___512 0.37701705 167 70 190 67 187 45 165 47
7__1__1536___512 0.36447975 233 22 259 20 257 -5 230 -3
7__1__512___1024 0.9677187 291 23 321 22 320 -7 290 -6
7__1__0___512 0.9977164 803 534 834 533 833 502 802 503
7__1__0___512 0.99685776 922 438 953 437 951 406 920 407
7__1__0___512 0.994477 242 1006 276 1004 275 970 240 971
7__1__1024___512 0.9997354 453 222 497 220 496 176 452 177
7__1__1024___512 0.97970355 247 391 273 390 271 364 246 366
7__1__1024___512 0.9290182 745 58 772 57 771 31 744 32
7__1__1024___512 0.90441585 553 133 582 132 581 103 552 104
7__1__1024___512 0.90286684 595 97 622 95 621 68 594 69
7__1__1024___512 0.8236282 634 62 661 61 660 34 633 36
7__1__1024___512 0.77476364 649 140 672 137 669 114 646 117
7__1__1024___512 0.77313197 713 85 738 82 735 57 710 60
7__1__1024___512 0.7586476 617 166 639 163 636 141 614 143
7__1__1024___512 0.7288064 677 31 703 28 699 2 674 6
7__1__1024___512 0.71686673 680 115 704 112 700 88 677 92
7__1__1024___512 0.42988706 573 149 600 148 600 121 573 122
7__1__1024___512 0.40929583 710 44 734 41 731 18 707 21
7__1__1024___512 0.36671934 745 22 771 20 769 -5 742 -3
7__1__1024___512 0.3573469 679 70 702 67 699 45 677 47
809__1__0___1536 0.9998987 736 811 869 803 862 674 728 681
809__1__0___1536 0.9994856 244 271 370 264 363 141 237 148
809__1__0___2048 0.9999424 648 779 727 774 723 694 643 699
809__1__0___2048 0.9999199 736 299 869 291 862 161 728 169
809__1__0___2048 0.99977785 416 676 547 671 542 544 411 549
809__1__0___2048 0.9995229 546 715 685 710 680 582 541 587
809__1__0___2560 0.9999461 648 267 727 262 722 182 643 187
809__1__0___2560 0.9997576 417 164 547 159 542 32 412 37
809__1__0___2560 0.99946564 546 203 685 198 680 70 541 74
7__1__512___512 0.99976 965 222 1009 221 1008 176 964 177
7__1__512___512 0.9976851 291 534 322 533 321 502 290 503
7__1__512___512 0.9967655 409 438 441 436 439 405 408 407
7__1__512___512 0.9795125 759 391 785 390 783 364 758 366
7__1__512___0 0.99974865 965 734 1009 733 1008 688 964 689
7__1__512___0 0.99687874 410 950 441 948 439 917 408 919
7__1__512___0 0.9796504 759 903 785 902 783 876 758 878
809__1__0___1024 0.9994842 244 783 370 776 363 653 237 660
809__1__0___1024 0.9993327 -8 485 112 480 107 364 -13 368
809__1__0___512 0.99909604 -7 997 112 992 108 875 -12 881
809__1__1024___0 0.9998903 833 432 959 426 954 304 827 310
809__1__1024___0 0.999345 466 258 597 254 593 126 462 130
809__1__1024___1024 0.9720739 300 1038 369 1035 366 967 297 970
809__1__1024___1536 0.9998621 14 769 140 763 135 642 9 648
809__1__1024___1536 0.99985826 297 545 376 541 372 462 293 466
809__1__1024___2048 0.99986005 14 257 141 251 135 130 9 136
809__1__1536___0 0.99990225 322 434 449 426 442 302 314 310
809__1__1536___0 0.99981505 555 289 691 285 686 153 551 157
809__1__1536___0 0.99489117 -18 252 91 236 76 129 -33 145
809__1__1536___0 0.58371985 958 48 1030 47 1029 -24 957 -23
809__1__2048___0 0.9998023 43 289 178 285 173 153 39 157
809__1__2048___0 0.9498698 480 71 576 59 564 -37 468 -25
809__1__512___1024 0.97102755 812 1038 881 1035 878 967 809 970
809__1__512___0 0.8109067 946 250 1042 248 1039 152 944 154
809__1__512___1536 0.9999205 224 811 357 803 350 673 216 681
809__1__512___1536 0.99991775 526 770 653 764 648 641 520 647
809__1__512___1536 0.99985623 809 545 888 541 884 462 805 466
809__1__512___2048 0.99994195 136 779 215 774 210 694 131 699
809__1__512___2048 0.9999069 526 258 653 252 648 129 520 135
809__1__512___2048 0.9998988 224 299 357 291 350 162 216 169
809__1__512___2048 0.9996749 41 710 166 704 161 583 35 589
809__1__512___2560 0.99994266 136 267 215 262 211 182 131 187
809__1__512___2560 0.9996823 41 198 167 192 161 71 35 77
81__1__0___0 0.99997544 161 296 238 292 235 214 157 217
822__1__0___0 0.99960023 574 952 624 950 622 900 572 902
822__1__0___0 0.9868646 728 589 779 581 772 531 721 538
835__1__0___0 0.9995845 345 940 389 938 387 894 343 896
835__1__0___0 0.9995646 684 721 724 719 723 678 682 680
880__1__0___0 0.9994591 865 934 910 933 908 887 863 889
880__1__0___0 0.998445 773 994 818 993 816 948 772 949
98__1__0___0 0.99889404 593 712 635 710 632 668 591 670
98__1__0___0 0.99744165 221 943 264 942 262 898 219 899
98__1__0___0 0.9972934 552 859 601 858 600 810 551 811
98__1__0___0 0.98746246 152 1002 196 1000 194 956 150 958
944__1__0___0 0.9991239 381 376 432 374 430 323 379 325
944__1__0___0 0.99806124 71 651 118 649 116 602 69 603
944__1__0___0 0.9973156 295 505 335 504 334 463 294 464
991__1__0___0 0.9997435 500 900 570 896 567 827 497 831
991__1__0___0 0.98953736 616 177 722 162 707 60 601 75
991__1__0___0 0.3180414 560 29 603 24 597 -19 555 -14
